категория,Марка,диаметр,Ед.изм,Цена
БРОНЗОВЫЙ КРУГ,БрАЖ9-4,16 ; 18; 20; 22; 25; 28; 32; 34; 35; 38; 40; 45; 48; 55; 60; 65; 70; 75; 80; 85; 90; 95; 100; 110; 120; 130; 140; 160,т,1127000
БРОНЗОВЫЙ КРУГ,БрАЖ9-4,190 ; 250,т,1181000
БРОНЗОВЫЙ КРУГ,БРАЖМц10-3-1.5,16 ; 18; 20; 25; 30; 35; 40; 50; 55; 60; 65; 70; 75; 80; 85; 90; 100; 110; 120; 130; 140; 160,т,1150000
БРОНЗОВЫЙ КРУГ,БРАЖНМц 9-4-4-1,40 ; 110; 130; 140,т,1274000
БРОНЗОВЫЙ КРУГ,БрАМц9-2,14 ,т,1228000
БРОНЗОВЫЙ КРУГ,БрОФ10-1,30 ; 40; 60; 70; 80; 100; 110; 120; 130; 140,т,1845000
БРОНЗОВЫЙ КРУГ,БрОФ7-0.2,30 ; 40; 50; 60; 70; 90; 110; 120; 140,т,1845000
БРОНЗОВЫЙ КРУГ,БрОЦС5-5-5,20 ; 25,т,1070000
БРОНЗОВЫЙ КРУГ,БрОЦС5-5-5,30 ; 35; 40; 45; 50; 55; 60; 65; 70; 75; 80; 85; 90; 95; 100; 110; 120; 130; 140,т,1060000
БРОНЗОВЫЙ КРУГ,БрОЦС5-5-5,150 ; 160; 170; 180; 190; 200,т,1070000
